"ICES.Reg" "Effort_wf.gillnet_2008" "Effort_wf.gillnet_2009" "Effort_wf.gillnet_2010" "Catch_wf.gillnet_2008" "Catch_wf.gillnet_2009" "Catch_wf.gillnet_2010" "Effort_ve.gillnet_2008" "Effort_ve.gillnet_2009" "Effort_ve.gillnet_2010" "Catch_ve.gillnet_2008" "Catch_ve.gillnet_2009" "Catch_ve.gillnet_2010" "Effort_ve.fyke_2008" "Effort_ve.fyke_2009" "Effort_ve.fyke_2010" "Catch_ve.fyke_2008" "Catch_ve.fyke_2009" "Catch_ve.fyke_2010" "Effort_ve.trawl_2008" "Effort_ve.trawl_2009" "Effort_ve.trawl_2010" "Catch_ve.trawl_2008" "Catch_ve.trawl_2009" "Catch_ve.trawl_2010" "Weight_wf" "weight_ve" "N_ETRS89" "E_ETRS89"
2 6 72 12 3 43 6 24 53 60.5 9 61 48.8 77 16 52 662 694 368 0 29 7 0 18493 4470 0.0772782667241595 0.0329 4807286 4985034
3 760 880 950 1318 2160 875 926 1540 466.3 3272.1 3840 1391.2 0 32.8 0 0 369.8 0 0 0 0 0 0 0 0.0810990087248842 0.0329 4817173 5029952
6 7015 10991 8097 999 7897 4160 3357.1 795.8 323.2 4916.4 1709 514.7 0 0 0 0 0 0 22.2 40.4 37.8 2087 4693.7 7491.4 0.104004648965701 0.0329 4753131 4997526
7 6196 3240 3185 1907 1554 1944 1770.6 580.1 812.1 577.5 1085.8 1872.6 122.3 27.7 120.2 1201 354.6 1003.1 44.9 99.6 72.3 6136.6 7665.6 7283.2 0.10433771693992 0.0329 4763187 5043293
11 11183 25178 13670 3565 11378 7846 845.3 1034 598.5 92.9 119.7 134.1 105.8 15 0 346.4 21.4 0 0 0 0 0 0 0 0.125391685703457 0.0329 4698941 5009967
12 1635 1741 1519 163 117 260 0 0 0 0 0 0 0 0 0 0 0 0 0 0 0 0 0 0 0.140924184111175 0.0329 4709166 5056579
15 16753 19354 15046 6354 11620 8738 4769.6 3758.5 2828.7 796.5 810.7 941 0 0 0 0 0 0 0 0 0 0 0 0 0.168254893993639 0.0329 4635010 4974730
16 2993 682 6055 725 324 1228 0 0 0 0 0 0 0 0 0 0 0 0 0 0 0 0 0 0 0.189848959033367 0.0329 4644718 5022356
19 17721 21926 12662 3978 7786 5385 9.4 510.1 785.9 5.2 76 79.1 0 31.7 106.8 0 86.7 111.1 0 0 0 0 0 0 0.212263940557212 0.0329 4571435 4937598
20 8286 16838 8817 1866 6614 2988 2181.8 4425.9 591.5 306.7 1169.8 159.8 0 0 0 0 0 0 0 0 0 0 0 0 0.229509424838199 0.0329 4580600 4986226
23 1803 0 0 385 0 0 0 0 16.8 0 0 22.8 16.7 0 0 29.3 0 0 0 0 0 0 0 0 0.260312275171844 0.0329 4508255 4898587
24 4183 8774 1821 350 2414 129 0 0 718.8 0 0 6 0 0 32.8 0 0 1057.1 0 0 0 0 0 0 0.271310564403488 0.0329 4516853 4948206
27 0 0 529 0 0 114 0 0 0 0 0 0 0 0 0 0 0 0 0 0 0 0 0 0 0.30822579317185 0.0329 4445508 4857714
28 0 0 72 0 0 18 0 0 0 0 0 0 0 0 0 0 0 0 0 0 0 0 0 0 0.300640650204006 0.0329 4453514 4908312
32 251 1170 0 8 130 0 0 0 0 0 0 0 0 0 0 0 0 0 0 0 0 0 0 0 0.347093258312723 0.0329 4398748 4917995
37 92 63 0 12 3 0 0 15.7 0 0 1 0 0 0 0 0 0 0 0 0 0 0 0 0 0.387124319786275 0.0329 4343958 4927635
42 0 16 0 0 12 0 0 251.7 0 0 187.8 0 63.6 0 44.5 202.6 0 62.3 0 0 0 0 0 0 0.42246345170948 0.0329 4289145 4937234
47 0 0 0 0 0 0 53 251.7 229.8 28.6 67.1 701.4 0 111.2 0 0 211.9 0 0 0 0 0 0 0 0.442986985577994 0.0329 4234309 4946790
