"E_etrs89" "N_etrs89" "Whitefih" "Vendace" "Distance.to.sand" "River.influence" "Distance.to.deep" "Exposure" "Chlorophyll.a" "Winter.ice" "Salinity" "Year" "Water.volume" "ICES.Reg"
4975161 4606556 9 1 11 19387 125823 3112 42.39 18 2.89496467349322 2009 6 20
4974799 4605685 1 0 10 18513 118793 26053 42.57 18 2.84238763457654 2009 6 20
4974493 4606678 2 0 10 19086 99338 42506 42.39 18 2.9313016667801 2009 7.5 20
4975559 4603918 76 9 11 17726 183764 25275 42.57 18 2.76911948329165 2009 6 20
4974771 4603330 4 0 12 16578 185823 10209 42.57 18 2.76911948329165 2009 7.5 20
4974579 4603181 1 0 12 16366 186676 10209 42.9 18 2.86240879430108 2009 7.5 20
4974929 4602892 2 0 12 16541 195161 346 42.97 18 2.76911948329165 2009 6 20
4975324 4602494 15 0 13 16805 218132 11746 42.97 18 2.76911948329165 2009 4.5 20
4974174 4616167 0 0 5 10275 126426 496 41.35 18 2.98401139278892 2009 9 15
4974163 4616295 36 7 5 10293 128911 37050 41.35 18 2.98401139278892 2009 6 15
4973808 4616973 0 0 6 10679 105941 35906 41.35 18 2.95697786076492 2009 10.5 15
4975760 4615942 5 1 5 8294 151455 32521 41.23 17 2.9136073797958 2009 6 15
4975656 4616176 10 0 4 8718 134485 27600 41.23 17 2.9136073797958 2009 7.5 15
4979250 4613938 195 4 7 4817 254308 26962 41.3 17 2.631060561555 2009 4.5 15
4975486 4603794 25 10 11 17514 183764 9009 42.57 18 2.76911948329165 2009 2.25 20
4917420 4354054 0 0 78 11359 112367 6956 24.46 13 5.11923294635125 2009 4.5 37
4915609 4353825 0 0 79 12523 92485 98953 24.12 13 5.1919502171589 2009 6 37
4915632 4353071 0 0 79 12819 111941 100218 24.12 13 5.18300390099863 2009 7.5 37
4916489 4353255 0 0 79 12899 115455 27018 24.12 13 5.1919502171589 2009 7.5 37
4916865 4352728 0 0 79 12115 103882 34321 23.2 13 5.18300390099863 2009 4.5 37
4916913 4352606 0 0 79 12115 103882 40021 23.2 13 5.18300390099863 2009 6 37
4916877 4351871 0 0 78 11138 85882 86606 23.2 13 5.18300390099863 2009 9 37
4919191 4352424 0 0 78 8613 153338 68362 23.46 13 5.00177402784304 2009 6 37
4919040 4352905 0 0 78 9211 148793 32118 23.46 13 5.00177402784304 2009 6 37
4923735 4353577 18 0 79 4883 290308 30928 21.95 15 4.67828246264895 2009 9 37
4923688 4353662 65 0 79 4883 290308 30928 21.95 15 4.67828246264895 2009 9 37
4923632 4353676 3 0 79 4883 290308 30928 21.95 15 4.67828246264895 2009 4.5 37
4924008 4352565 0 0 79 3963 280367 51412 21.95 15 4.64744204621998 2009 4.5 37
4924045 4352587 0 0 79 3963 289882 51412 21.95 15 4.64744204621998 2009 7.5 37
4923991 4352535 1 0 79 3963 280367 51412 21.95 15 4.64744204621998 2009 7.5 37
4871060 4472731 0 0 69 36129 205279 31340 28.26 17 4.90774965579686 2009 3 27
4870861 4472937 0 0 69 36129 205279 31340 28.26 17 4.90774965579686 2009 6 27
4933065 4542492 218 0 6 8743 129338 26681 39 17 3.25351456093931 2009 4.5 24
4933287 4540855 10 1 7 7851 177338 9271 39 17 3.25272870063782 2009 4.5 24
4933096 4540746 388 0 7 8185 174852 9393 39 17 3.25272870063782 2009 5.25 24
4932635 4540577 24 0 7 8787 175882 14700 39 17 3.25190421083264 2009 3 24
4932437 4540613 52 0 7 8875 173396 14700 39 17 3.25190421083264 2009 2.25 24
4931848 4541272 19 1 8 9560 141941 38428 39 16 3.25190421083264 2009 6 24
4931997 4541173 14 0 8 9014 144426 38428 39 16 3.25190421083264 2009 6 24
4932158 4540742 88 0 7 9175 165941 40246 39 16 3.25190421083264 2009 4.5 24
4929997 4539723 16 0 6 11754 133455 22846 39 16 3.25110287506337 2009 4.5 24
4929821 4539720 0 0 6 11816 127455 22846 39 16 3.25110287506337 2009 3.75 24
4929284 4539508 6 0 6 12557 111941 7312 39 16 3.2496949398769 2009 4.5 24
4929179 4539402 6 0 6 12557 111941 12909 39 16 3.2496949398769 2009 4.5 24
4928387 4540187 31 0 7 13437 82970 33853 38.96 16 3.24928846858609 2009 4.5 24
4928524 4540228 39 0 7 13779 82970 43303 38.96 16 3.24928846858609 2009 6 24
4928749 4539667 6 0 6 13085 97455 30806 39 16 3.2496949398769 2009 6 24
4928848 4540426 2 0 6 12450 103455 12637 38.96 16 3.24928846858609 2009 6 24
4928346 4539202 205 0 7 13936 84426 21937 39 17 3.2496949398769 2009 4.5 24
4925659 4543792 29 0 8 16482 16970 64068 38.8 13 3.19847158019234 2009 6 19
4930832 4539892 46 1 7 10686 166367 17343 39 16 3.25110287506337 2009 10.5 24
4930621 4539944 0 0 7 10986 155396 28359 39 16 3.25110287506337 2009 9 24
4928765 4539720 243 0 6 13085 97455 30806 39 16 3.2496949398769 2009 4.5 24
4928476 4540454 2 0 7 13025 86485 43303 38.96 16 3.24928846858609 2009 9.75 24
4925910 4543690 57 0 8 16493 22970 57440 38.8 13 3.2326601019644 2009 6 19
4902221 4497092 0 0 42 15466 605896 515 29.37 18 3.79867939133206 2009 9 23
4899229 4497945 0 0 41 18539 464132 7696 28.96 18 3.98791368574873 2009 5.25 23
4901232 4497410 0 0 45 16060 571955 121 29.37 18 3.84606435266022 2009 4.5 23
4930452 4324050 0 0 79 13817 155396 62212 18.62 10 4.0764434760807 2009 4.5 37
4930168 4323872 0 0 79 13842 158911 50165 18.62 10 4.0764434760807 2009 4.5 37
4932459 4322014 0 0 82 17023 241455 35203 19.29 9 3.73207535434618 2009 6 37
4933985 4304989 7 0 90 8275 300073 1481 30.3 15 5.10400843380393 2010 15 42
4933990 4304984 11 0 90 8275 300073 1481 30.3 15 5.10400843380393 2010 12 42
4934405 4305450 3 0 91 8210 309587 768 30.3 15 5.10400843380393 2010 7.5 42
4924249 4347849 7 0 78 9015 227396 42028 20.41 15 4.48401041807489 2010 6 37
4927403 4346683 1 0 80 9509 454367 16415 18.25 15 3.97993863978601 2010 9 37
4909637 4533090 59 0 26 28331 137823 19631 38.47 11 3.37265290426621 2010 6 23
4909069 4532196 1 0 27 27835 231381 1640 38.47 17 3.39063595535251 2010 12 23
4908080 4530239 1 0 26 25724 170911 15946 37.9 17 3.39663805958808 2010 10.5 23
4910572 4530523 2 0 26 26714 146308 2568 38.47 17 3.38220165481385 2010 7.5 23
4910770 4529664 2 0 24 24286 148367 14896 38.39 17 3.38220165481385 2010 7.5 23
4906140 4531352 9 0 31 28806 81941 4546 37.71 17 3.41535669296505 2010 10.5 23
4905431 4532126 2 0 29 29269 31455 22340 37.71 9 3.41535669296505 2010 4.5 23
4905153 4532508 3 0 29 29657 22970 40059 37.73 9 3.41535669296505 2010 4.5 23
4906434 4532289 15 0 28 29960 55455 42009 38.04 13 3.40608707866836 2010 6 23
4909743 4526745 1 0 25 21652 152308 17540 38.26 17 3.38658949716028 2010 6 23
4908629 4522442 5 0 25 17675 148970 5643 37.31 16 3.41476647617207 2010 4.5 23
4890734 4520175 9 0 47 33788 37455 29681 34.45 16 3.65201115848399 2010 6 23
4891594 4520529 1 0 45 32536 26485 23803 34.45 13 3.6361468255563 2010 6 23
4888052 4520302 10 0 50 36285 84426 17868 33.78 13 3.66429788174871 2010 6 23
4906883 4521046 2 0 28 17851 191220 17625 37.01 16 3.44914759570521 2010 9 23
4906808 4519922 1 0 29 17163 225941 4350 37.01 16 3.44914759570521 2010 7.5 23
4909464 4530491 60 0 25 26145 183338 9590 38.47 17 3.39663805958808 2010 7.5 23
4952144 4598248 3 0 27 15477 86911 75365 42.35 16 3.05916804492404 2010 9 19
4949810 4596435 196 0 26 15221 78426 59606 42.8 16 3.05512357801348 2010 10.5 19
4950246 4590720 69 46 25 13617 194735 478 43.82 18 3.03327026257562 2010 6 19
4951749 4590452 0 0 26 13119 250190 75 44.26 17 3.01936020319744 2010 4.5 19
4946721 4593112 52 0 25 16755 68911 5409 43.59 16 3.08281999972787 2010 4.5 19
4945520 4592219 136 0 24 18713 51941 45084 43.18 18 3.07781713833979 2010 15 19
4945748 4591656 2 2 24 17556 63941 3215 43.61 18 3.07781713833979 2010 3 19
4948384 4586901 36 108 24 17844 218308 571 44.18 18 3.04784671606521 2010 4.5 19
4949299 4585863 3 27 25 18821 270249 309 44.33 18 3.04784671606521 2010 4.5 19
4942458 4586930 20 0 19 22637 31455 69843 43.26 16 3.08725061283237 2010 7.5 19
4947172 4585187 30 10 24 21208 188735 468 43.99 18 3.05030805141639 2010 4.5 19
4950001 4584108 13 0 26 21017 331705 703 44.33 18 3.04492214621307 2010 6 19
4942202 4583054 30 1 17 24863 62485 21487 42.92 18 3.05092009341344 2010 7.5 19
4942726 4579862 1 0 16 28230 102426 21075 43.12 18 3.04156053668892 2010 9 19
4940120 4573416 377 4 9 25389 31455 5887 41.86 18 2.92851646587674 2010 4.5 19
4941120 4576928 86 17 12 29119 33941 52640 42.64 17 2.9762369192251 2010 10.5 19
4933379 4540925 139 0 7 7851 177338 9271 39 17 3.25272870063782 2010 3 24
4933355 4540897 197 4 7 7851 177338 9271 39 17 3.25272870063782 2010 6 24
4933076 4542508 412 0 7 8743 129338 26681 39 17 3.25351456093931 2010 4.5 24
4933365 4540894 60 0 7 7851 177338 9271 39 17 3.25272870063782 2010 4.5 24
4933277 4540823 74 0 7 8063 177338 9271 39 17 3.25272870063782 2010 4.5 24
4933112 4540727 23 0 7 8185 174852 9393 39 17 3.25272870063782 2010 3 24
4933010 4540669 123 0 7 8275 178367 9393 39 17 3.25272870063782 2010 4.5 24
4933017 4540709 3 0 7 8275 178367 9393 39 17 3.25272870063782 2010 7.5 24
4932075 4541043 33 0 7 9051 152911 40246 39 16 3.25190421083264 2010 6 24
4935946 4538680 65 4 10 4394 282676 56 39 17 3.25272870063782 2010 10.5 24
4936634 4537992 42 0 11 4676 314132 346 39 17 3.25272870063782 2010 4.5 24
4925965 4536248 11 0 10 17100 63941 4462 39 17 3.2613646563817 2010 6 24
4925569 4536753 10 0 12 19020 28970 15403 38.96 17 3.26812368159539 2010 12 24
4925556 4538017 26 0 10 16894 22970 28865 38.96 17 3.26812368159539 2010 9 24
4928757 4539706 5 0 6 13085 97455 30806 39 16 3.2496949398769 2010 4.5 24
4928477 4540397 69 0 7 13025 86485 43303 38.96 16 3.24928846858609 2010 7.5 24
4928523 4540229 19 1 7 13779 82970 43303 38.96 16 3.24928846858609 2010 9 24
4931861 4541317 87 0 8 9560 141941 33046 39 16 3.25190421083264 2010 4.5 24
4926571 4543155 3 0 8 15284 44485 24478 38.8 15 3.2326601019644 2010 7.5 19
4925931 4543671 1 0 8 16493 22970 57440 38.8 13 3.2326601019644 2010 10.5 19
4936863 4544006 4 15 13 11875 393161 196 39.02 17 1.74713219423869 2010 4.5 19
4937812 4543993 1 1 13 10828 394190 28 39.02 17 1.74589519486441 2010 4.5 19
4931803 4543188 31 1 7 10184 86911 47981 39 16 3.24975656395643 2010 9 19
4938525 4541955 1 1 14 12275 469102 103 39 17 1.70561346601281 2010 6 24
5019987 4736355 4 0 8 26257 262617 6843 22.98 19 1.92679497536958 2009 4.5 6
5027559 4737399 406 294 9 18716 160970 24693 20.87 19 1.61200927384973 2009 6 7
5028251 4735705 48 32 7 17958 211455 14156 20.71 19 1.63063385656703 2009 3 7
5025464 4734428 2 1 5 21344 324852 1246 21.35 19 1.74158370980571 2009 4.5 6
5018270 4733094 0 2 11 23546 545823 4696 23.17 19 1.93084015360273 2009 6 6
5005544 4730643 282 40 8 21589 202970 22678 27.44 18 2.47088327632005 2009 3 6
5005894 4730155 845 54 8 21014 213941 19218 26.53 18 2.47413088394014 2009 3 6
4974760 4605486 1 0 10 18300 130793 7125 42.57 17 2.84238763457654 2009 21 20
4973572 4617025 1 0 6 11004 103455 9450 41.41 18 2.95697786076492 2009 22.5 15
4979266 4614301 0 0 7 4385 242308 27928 41.3 17 2.631060561555 2009 21 15
4930121 4323818 0 0 79 13992 156426 50165 18.62 10 4.0764434760807 2009 18 37
4916833 4353789 0 0 79 12083 108426 2043 24.46 13 5.1919502171589 2009 18 37
4930836 4323998 0 0 80 14964 191396 51271 18.62 16 4.0764434760807 2009 8.25 37
4916836 4353745 0 0 79 12083 108426 2043 24.46 13 5.1919502171589 2009 13.5 37
4930643 4323845 0 0 80 14752 191396 51271 18.62 10 4.0764434760807 2009 13.5 37
4917406 4353688 0 0 78 11950 135338 32831 23.46 13 5.11923294635125 2009 9 37
4915772 4353575 1 0 79 12699 98485 98906 24.12 13 5.1919502171589 2009 12 37
4932559 4323246 1 0 82 16676 244367 6834 17.96 16 3.69631529075639 2009 5.25 37
4932572 4323062 0 0 82 16738 246852 41840 17.96 16 3.69631529075639 2009 8.25 37
4932633 4322883 0 0 82 16800 249338 14493 17.96 16 3.69631529075639 2009 6 37
4932642 4322660 0 0 82 17012 251823 42562 17.96 16 3.62187009193852 2009 6.75 37
4932572 4322009 0 0 82 17173 247455 35203 19.29 9 3.73207535434618 2009 5.25 37
4932318 4321995 0 0 82 17023 241455 42928 19.29 9 3.73207535434618 2009 13.5 37
4932438 4323500 0 0 82 16402 235882 36675 17.96 16 3.69631529075639 2009 6 37
4923661 4352700 15 0 79 4538 274367 51665 21.95 15 4.64744204621998 2009 9 37
4933025 4542621 0 0 7 8893 123338 26681 39 17 3.25351456093931 2009 12 19
4928817 4540513 1 0 7 12387 103455 12637 38.96 16 3.24928846858609 2009 12 24
4932777 4540682 0 0 7 8425 175882 19940 39 17 3.25272870063782 2009 12 24
4901839 4499096 1 0 43 17532 553529 18 29.82 18 3.84111793216917 2009 15 23
4899447 4497210 0 0 42 17368 465161 7040 28.96 18 3.92023842795179 2009 18 23
4869252 4473092 0 0 70 38448 119823 86878 28.1 16 4.90287036368675 2009 10.5 27
4869231 4472956 0 0 70 38099 123338 86878 28.1 16 4.90287036368675 2009 12 27
4897547 4495164 0 0 44 16929 376793 7725 28.19 16 4.05083800499144 2009 24 23
4899371 4498191 1 0 41 18539 477587 11953 29.6 18 3.98791368574873 2009 8.25 23
4899981 4497167 1 0 42 17261 485646 5071 28.96 18 3.92023842795179 2009 10.5 23
4935245 4305749 0 0 92 8627 347043 93 30.3 15 5.10400843380393 2010 22.5 42
4934402 4305469 0 0 91 8210 309587 412 30.3 15 5.10400843380393 2010 10.5 42
4933136 4305637 0 0 89 9449 268617 656 30.3 15 5.10400843380393 2010 16.5 42
4931280 4305958 0 0 88 10521 202190 23859 30.21 13 5.07290342618667 2010 18 42
4932738 4306899 0 0 89 11027 278132 15187 28.95 13 5.07290342618667 2010 18 42
4935927 4303687 0 0 93 7503 316793 7078 31.74 15 5.14246446028987 2010 12 42
4935079 4304357 0 0 92 6948 287823 13425 30.3 15 5.10400843380393 2010 52.5 42
4934662 4306871 0 0 91 9760 325102 515 30.3 15 5.10400843380393 2010 13.5 42
4936526 4305195 0 0 94 10139 371220 28 30.29 15 5.10400843380393 2010 10.5 42
4930466 4303866 0 0 89 9990 152308 18131 30.21 13 5.17446503813035 2010 15 42
4931131 4308518 0 0 86 13074 255587 35896 27.73 13 5.00438850659335 2010 16.5 42
4927988 4305547 0 0 89 14547 148793 42234 29.63 13 5.28156790043711 2010 19.5 42
4926060 4305797 0 0 88 15438 126852 13875 28.93 13 5.32017282322154 2010 15 42
4908104 4533615 0 0 26 29538 79455 51684 38.04 11 3.37265290426621 2010 30 23
4908469 4531535 0 0 26 27223 142367 18515 38.47 17 3.39063595535251 2010 24 23
4905070 4529844 0 0 29 26516 91455 31603 37.62 17 3.44731417626324 2010 13.5 23
4905639 4530784 0 0 30 27969 69941 18581 37.71 17 3.41535669296505 2010 28.5 23
4908155 4526449 2 0 25 21911 182308 19068 38.02 17 3.40557029716295 2010 12 23
4950343 4596047 3 0 27 14398 103882 48028 43.43 16 3.05512357801348 2010 12 19
4947815 4590753 0 0 24 15432 138852 22931 43.82 18 3.05914040417465 2010 9 19
4942743 4578326 2 0 18 32779 91882 768 43.12 18 2.9762369192251 2010 6 19
4924075 4351035 1 0 79 3677 260485 20943 21.2 15 4.65892105434204 2010 12 37
4922380 4351449 0 0 78 5444 227396 76200 21.75 15 4.75515539914258 2010 12 37
4922059 4344896 0 0 77 10862 121455 80671 19.8 9 4.73972577069326 2010 15 37
4923434 4344747 0 0 76 10107 163455 64575 19.8 13 4.52392524484305 2010 15 37
4923485 4344536 0 0 76 10045 163455 65203 19.8 13 4.52392524484305 2010 15 37
4923388 4344567 0 0 76 10307 163455 72440 19.8 13 4.52392524484305 2010 18 37
4924007 4344299 0 0 77 9471 172970 65831 19 13 4.52392524484305 2010 18 37
4930091 4340200 0 0 80 6256 350308 318 16.28 16 4.5343617705528 2010 16.5 37
4928756 4340900 0 0 78 3602 276426 13931 16.89 16 3.45471391171623 2010 10.5 37
4928490 4341120 0 0 78 3964 278911 49125 16.89 15 3.45471391171623 2010 21 37
4930149 4342326 0 0 80 4298 336852 46 16.28 15 2.38496446609497 2010 60 37
4922579 4349267 0 0 77 6301 192000 68831 21.07 13 4.64225137473049 2010 12 37
4923079 4349813 0 0 78 5074 225941 33618 21.07 13 4.7224584709687 2010 12 37
4922778 4346552 1 0 77 9275 163455 51918 20.41 9 4.65858069730188 2010 15 37
4927917 4346411 1 0 81 9395 454367 7809 18.25 16 3.97993863978601 2010 15 37
4925999 4345521 6 4 79 9010 243941 45778 18.25 16 4.24849564755063 2010 30 37
4926053 4342923 1 0 79 6987 226970 59325 17.51 13 4.34459223494249 2010 15 37
4928305 4345094 0 0 80 7399 298970 7903 18.25 16 3.83960556983948 2010 18 37
4926299 4344677 0 0 79 8369 242485 59268 18.25 16 4.24849564755063 2010 21 37
4913129 4384986 0 0 76 8956 267764 56 24.37 16 5.01422023773193 2010 6 32
4912835 4386770 9 0 76 6970 232793 7125 23.14 16 4.98692373198409 2010 12 32
4910220 4386627 0 0 73 7555 182911 12881 23.14 16 5.01243411398894 2010 42 32
4910408 4385912 0 0 72 10355 214367 187 24.37 16 5.02533985624207 2010 15 32
4910620 4383402 0 0 72 11115 236911 6834 25.44 16 5.15890455245972 2010 9 32
4911219 4381563 1 0 71 13138 177941 8400 25.44 13 5.16334629058838 2010 9 32
4909293 4384136 0 0 73 11076 74485 78243 25.41 9 5.14165896168097 2010 45 32
4908960 4385943 0 0 73 9152 78000 96553 24.31 9 5.08276704716326 2010 43.5 32
4911193 4385668 0 0 75 7982 258852 412 24.37 16 5.01422023773193 2010 12 32
4932947 4540708 1 0 7 8275 178367 19940 39 17 3.25272870063782 2010 15 24
4925573 4544026 0 0 9 16973 6000 59625 38.64 13 3.19847158019234 2010 12 19
4934283 4548571 0 0 11 10777 251220 5643 39.04 17 3.14340996742249 2010 12 19
4908863 4490246 0 0 53 3244 697705 5896 28 17 2.93971650397105 2010 9 23
4907162 4487874 0 0 51 4354 689647 646 26.92 18 2.97238492965698 2010 6 23
4900751 4488507 3 0 48 12989 481279 721 25.63 17 3.94979472066179 2010 18 23
4899818 4488878 0 0 48 14003 498249 937 25.63 17 4.02725577254523 2010 19.5 23
4899412 4490313 1 0 47 12876 401823 178 26.96 17 4.02725577254523 2010 16.5 23
4900202 4499901 0 0 39 19168 530984 3665 29.82 18 3.97815759726131 2010 19.5 23
4899983 4498108 0 0 40 18318 528499 778 29.82 18 3.98791368574873 2010 13.5 23
4900165 4492873 0 0 46 15597 454367 1387 27.74 18 3.97186331062865 2010 34.5 23
4901056 4494339 0 0 45 13166 534852 6356 28.44 18 3.86876497215735 2010 9 23
4903655 4494635 9 0 44 12349 559279 2390 28.65 18 3.7674583524817 2010 33 23
4883477 4514105 0 0 58 46016 372249 215 31.57 17 3.81198941162071 2010 24 23
4883608 4514876 0 0 57 45241 351764 1256 31.92 17 3.81341298104681 2010 18 23
4885249 4515432 0 0 57 45947 403705 1068 32.15 17 3.81505846977234 2010 12 23
4886301 4514037 0 0 56 44099 421705 206 32.01 17 3.81471107368309 2010 15 23
4882109 4512895 0 0 60 48435 425646 600 31.57 17 3.81448531150818 2010 25.5 23
5016081 4734337 0 0 14 26710 624676 450 23.17 19 1.92388217763305 2009 10.5 6
4932966 4540737 0 0 8 8275 169455 9393 39 16 3.25272870063782 2009 19.5 24
4934066 4305083 0 0 90 8275 306073 1406 30.3 15 5.10400843380393 2010 36.94887 42
4934269 4305290 0 0 91 8250 308308 346 30.3 15 5.10400843380393 2010 47.89668 42
4908307 4523770 0 0 26 19211 170485 8165 37.84 17 3.41010641220273 2010 28.01262 23
4909458 4525877 0 0 25 20814 147338 15403 37.84 17 3.40557029716295 2010 29.71379 23
4910496 4530575 0 0 25 26776 173823 2568 38.47 17 3.38220165481385 2010 28.46626 23
4909152 4529486 0 0 25 24911 209396 121 38.39 17 3.39663805958808 2010 28.35285 23
4908240 4530101 0 0 26 25661 170911 12487 37.9 17 3.39663805958808 2010 28.12603 23
4909040 4532055 0 0 27 27623 148367 225 38.47 17 3.39063595535251 2010 24.27004 23
4911250 4522437 0 0 24 16619 62485 32428 37.87 17 3.3492514160551 2010 28.12603 23
4911334 4524524 0 0 24 18657 76970 32334 38.09 17 3.35991522153479 2010 29.14673 23
4908030 4528002 0 0 26 23624 183338 9675 38.02 17 3.42651201675954 2010 29.31685 23
4907275 4533262 0 0 26 29184 82970 54018 38.04 13 3.39868450381963 2010 28.52297 23
4906132 4532514 0 0 28 29925 40970 45159 38.04 13 3.41535669296505 2010 29.99732 23
4905276 4532166 0 0 29 29269 22970 29578 37.71 9 3.41535669296505 2010 21.77499 23
4900613 4535031 0 0 33 33630 0 70518 36.81 9 3.33916854036373 2010 30.50767 23
4901577 4530488 0 0 32 29205 6000 62043 37.31 9 3.43313526215751 2010 28.57967 23
4905345 4529759 0 0 29 26392 82970 17353 37.62 17 3.44731417626324 2010 28.91991 23
4900150 4524693 0 0 36 25663 42426 48253 36.51 13 3.50634772486271 2010 29.65708 23
4901588 4522319 0 0 34 23231 85455 23484 36.64 16 3.51221712714371 2010 28.8065 23
4903835 4522665 0 0 31 21158 89396 13209 36.99 17 3.47739949195963 2010 28.52297 23
4905868 4523297 0 0 28 19791 136367 10725 37.31 17 3.46398613894887 2010 28.23944 23
4888939 4529281 0 0 47 38839 0 65221 34.42 13 3.42740635059856 2010 29.20343 23
4891873 4532653 0 0 44 37269 0 72468 35.2 13 3.33510966953516 2010 24.09992 23
4892433 4530062 0 0 44 35550 12000 62353 35.16 9 3.41812433956919 2010 33.11613 23
4894295 4525090 0 0 42 31700 0 56062 35.33 9 3.52632307656261 2010 28.97661 23
4896418 4522269 0 0 40 28419 0 53578 35.19 13 3.54566536791563 2010 28.91991 23
4893555 4522174 0 0 43 31269 48426 54037 34.45 13 3.57716470294384 2010 28.46626 23
4891751 4520688 0 0 45 32448 20485 53071 34.45 13 3.6361468255563 2010 29.31685 23
4888864 4520356 0 0 49 35323 62911 43893 33.78 13 3.66429788174871 2010 28.35285 23
4887938 4520542 0 0 51 36161 96426 38971 33.78 13 3.66429788174871 2010 27.27544 23
4932528 4540693 0 0 7 8725 169882 9271 39 17 3.25190421083264 2009 26.93521 24
4932553 4541474 1 0 7 8688 139882 22621 39 17 3.25190421083264 2009 27.8425 24
4932651 4541966 0 0 7 8787 139882 35934 39 17 3.25351456093931 2009 26.8785 24
4932261 4541686 0 0 7 9112 131396 35934 39 16 3.25190421083264 2009 26.36815 24
4932749 4540936 0 0 7 8451 168852 18375 39 17 3.25272870063782 2009 30.96131 24
4932819 4540991 0 0 7 8301 168852 18375 39 17 3.25272870063782 2009 28.69308 24
4932958 4540879 0 0 7 8213 169882 9393 39 17 3.25272870063782 2009 28.8632 24
4933013 4540832 0 0 7 8213 169882 9393 39 17 3.25272870063782 2009 25.63098 24
4932541 4540710 0 0 7 8725 169882 9393 39 17 3.25190421083264 2009 26.59497 24
4933719 4541360 0 1 7 7488 178793 2840 39 17 3.25272870063782 2010 29.60038 24
4935937 4539339 0 0 9 4368 258676 721 39 17 3.25272870063782 2010 28.97661 24
4933406 4541099 0 0 7 7664 171338 11043 39 17 3.25272870063782 2010 29.03332 24
4932555 4540959 0 0 7 8601 155396 20718 39 17 3.25190421083264 2010 28.40956 24
4932240 4542929 0 2 7 9609 95396 41362 39 16 3.24975656395643 2010 28.97661 19
4930291 4543890 2 4 8 11932 58970 50390 39 16 3.21873354906504 2010 27.72909 19
4928861 4542606 0 1 7 12935 60000 49265 38.92 15 3.2381221188662 2010 26.65168 19
4930445 4541637 0 0 7 10850 103882 52359 39 16 3.25110487576855 2010 29.8839 24
4931961 4540404 1 0 8 9450 169455 32006 39 16 3.25190421083264 2010 28.46626 24
4928315 4540801 1 0 7 12963 82970 29521 38.96 16 3.24928846858609 2010 24.21333 24
4927398 4539028 1 0 8 14509 56911 39487 38.96 17 3.24955439905552 2010 28.52297 24
4927923 4537688 0 0 7 14917 93338 27290 39 17 3.24771152962827 2010 29.37355 24
4928560 4535829 2 0 7 16468 86911 17184 39 17 3.2087326054498 2010 28.74979 24
4926205 4536267 2 0 10 17020 49455 14062 39 17 3.26812368159539 2010 27.44556 24
4925721 4535391 0 0 11 18036 25455 19537 39 16 3.2613646563817 2010 29.20343 24
4923798 4536143 0 0 13 19360 12000 48571 38.96 16 3.27890373419678 2010 28.29614 24
4922202 4538187 0 0 14 20132 6000 57871 38.92 15 3.25396634422698 2010 31.01802 24
4929294 4539769 2 2 6 12398 120426 26906 39 16 3.2496949398769 2010 29.8272 24
4927273 4545854 0 0 9 15802 0 65343 38.74 13 3.16999592681745 2010 29.03332 19
4925519 4547358 0 0 10 18072 0 62221 38.46 10 3.1472646874891 2010 25.51757 19
4923262 4546106 0 0 11 19914 0 60825 38.36 10 3.16452420835139 2010 28.63638 19
4924920 4544546 0 0 9 17643 0 64678 38.55 13 3.19847158019234 2010 28.69308 19
4925699 4543510 0 0 8 16343 22970 18937 38.8 13 3.2326601019644 2010 28.52297 19
4926283 4543801 1 0 8 15982 45941 46875 38.8 15 3.19847158019234 2010 27.16203 19
4923756 4542131 0 1 11 17849 6000 66075 38.48 13 3.22446531260738 2010 32.71919 19
4924051 4540306 0 0 11 17474 0 52096 38.88 15 3.24550187091003 2010 27.67238 24
5034610 4761501 30 20 3 1651 165941 4472 23.76 19 1.3197801581534 2011 6 7
5033161 4757522 4 1 4 3730 79455 16256 23.2 19 1.39619478302595 2011 4.5 7
4999568 4661939 300 50 10 5111 191220 9 31.98 18 2.56750535964966 2011 1.5 16
4984436 4633488 1 0 10 4376 144426 75 38.36 18 2.69148016785409 2011 9 15
4986469 4629390 15 4 14 3142 287823 47 38.96 18 2.83735427217428 2011 3 15
4988926 4636053 2956 1 9 8870 198676 18459 37.34 17 2.0463011264801 2010 4.5 15
4902113 4495553 2 0 45 14037 574794 1191 28.65 18 3.79086254573791 2011 4.5 23
4899154 4498802 2 0 40 19317 485043 2672 29.6 18 3.98791368574873 2011 4.5 23
4896174 4493930 1 0 46 17455 323396 9591 27.58 16 4.15498608150853 2011 7.5 23
4895956 4490718 2 0 48 16562 287396 6731 26.97 17 4.16816021887233 2011 9 23
4903224 4489717 10 0 47 9150 522249 338 26.45 17 3.87186271596705 2011 4.5 23
4900641 4488965 9 0 48 12072 469279 1800 25.63 17 3.94979472066179 2011 10.5 23
4900351 4486310 1 0 49 15009 549764 675 25.63 18 3.92423481361131 2011 7.5 23
4988698 4635871 2490 1 9 8508 184190 18459 37.34 17 2.0463011264801 2010 4.5 15
4902713 4496764 3 0 42 14759 615764 769 29.37 18 3.79867939133206 2011 4.5 23
4988702 4635916 373 1 9 8508 184190 18459 37.34 17 2.0463011264801 2010 4.5 15
4990387 4641470 651 1 9 4363 169705 16950 36.15 17 2.61546189513426 2010 4.5 15
4992516 4642821 135 1 10 992 229279 9759 35.96 17 2.65381754111051 2010 4.5 15
5036542 4759438 30 10 7 5935 216426 4584 23.76 19 1.33746322940374 2011 10.5 7
4996311 4657947 2 0 11 3005 126852 9169 32.79 18 2.2273526531394 2011 6 16
5032621 4764933 0 0 2 5894 176735 16284 24.79 19 0.497858586349613 2011 10.5 7
4896605 4487399 0 0 51 16768 322367 797 25.72 18 4.27389526367188 2011 12 23
4897523 4484542 0 0 53 16074 369161 197 25.11 18 4.59358832099096 2011 7.5 23
4905423 4489362 0 0 49 7478 613705 975 26.92 17 3.18811939824722 2011 6 23
4899535 4495709 20 0 43 15700 447036 4631 28.44 18 3.95311774838258 2011 12 23
4900737 4496611 0 0 43 15760 494735 788 28.44 18 3.84606435266022 2011 12 23
4902357 4497606 1 0 42 15846 600926 244 29.37 18 3.79867939133206 2011 9 23
